2021-11-14 11:15:00;62;511;15.7;99.9;302;49.902
2021-11-14 11:20:00;181;508;15.6;99.9;303;49.922
2021-11-14 11:25:00;191;512;15.7;99.9;307;49.923
2021-11-14 11:30:00;351;508;15.5;99.9;305;49.913
2021-11-14 11:35:00;462;511;16;99.9;305;49.912
2021-11-14 11:40:00;553;517;16.1;99.9;309;49.925
2021-11-14 11:45:00;583;512;16.5;99.9;300;49.935
2021-11-14 11:50:00;615;514;16.6;99.9;305;49.945
2021-11-14 11:55:00;656;512;16.7;99.9;296;49.936
2021-11-14 12:00:00;799;512;17;99.9;295;49.941
2021-11-14 12:05:00;821;515;16.4;99.9;297;49.935
2021-11-14 12:10:00;858;516;15.9;99.9;295;49.938
2021-11-14 12:15:00;1038;513;16.3;99.9;300;49.934
2021-11-14 12:20:00;1046;511;16.8;99.9;308;49.956
2021-11-14 12:25:00;1080;512;17.4;99.9;310;49.955
2021-11-14 12:30:00;1271;511;16.7;99.9;304;49.954
2021-11-14 12:35:00;1383;509;16.1;99.9;318;49.954
2021-11-14 12:40:00;1500;509;15.6;99.9;300;49.951
2021-11-14 12:45:00;1597;510;15.8;99.9;372;49.954
2021-11-14 12:50:00;1713;512;16.4;99.9;365;49.952
2021-11-14 12:55:00;1877;512;16.7;99.9;307;49.976
2021-11-14 13:00:00;1890;515;18.7;99.9;309;49.961
2021-11-14 13:05:00;1911;512;19.1;99.9;307;49.963
2021-11-14 13:10:00;1927;511;18.2;99.9;307;49.957
2021-11-14 13:15:00;2027;509;17.2;99.9;334;49.956
2021-11-14 13:20:00;2182;512;17.3;99.9;313;49.956
2021-11-14 13:25:00;2294;513;17.9;99.9;301;49.957
2021-11-14 13:30:00;2358;509;18.8;99.9;368;49.934
2021-11-14 13:35:00;2547;513;19.2;99.9;362;49.946
2021-11-14 13:40:00;2668;513;18.9;99.9;379;49.961
2021-11-14 13:45:00;2793;513;18.1;99.9;379;49.965
2021-11-14 13:50:00;2860;515;17.2;99.9;313;49.962
2021-11-14 13:55:00;2990;515;17;99.9;321;49.960
2021-11-14 14:00:00;3124;519;17.2;99.9;330;49.955
2021-11-14 14:05:00;3157;517;17.3;99.9;310;49.947
2021-11-14 14:10:00;3290;515;17.6;99.9;308;49.948
2021-11-14 14:15:00;3434;517;17.9;99.9;368;49.949
2021-11-14 14:20:00;3440;517;17.4;99.9;354;49.951
2021-11-14 14:25:00;3521;516;16.8;99.9;375;49.953
2021-11-14 14:30:00;3650;517;16.2;99.9;354;49.951
2021-11-14 14:35:00;3776;518;15.7;99.9;309;49.946
2021-11-14 14:40:00;3924;519;15.6;99.9;357;49.947
2021-11-14 14:45:00;4049;518;16;99.9;355;49.947
2021-11-14 14:50:00;4163;520;16.1;99.9;336;49.948
2021-11-14 14:55:00;4201;520;16.1;99.9;339;49.949
2021-11-14 15:00:00;4399;522;16;99.9;327;49.949
2021-11-14 15:05:00;4528;521;15.7;99.9;357;49.947
2021-11-14 15:10:00;4574;520;15.3;99.9;348;49.946
2021-11-14 15:15:00;4695;521;15.1;99.9;371;49.943
2021-11-14 15:20:00;4876;522;14.9;99.9;484;49.943
2021-11-14 15:25:00;5048;521;14.8;99.9;389;49.942
2021-11-14 15:30:00;5216;524;14.6;99.9;376;49.942
2021-11-14 15:35:00;5247;519;14.6;99.9;354;49.941
2021-11-14 15:40:00;5255;522;15.3;99.9;394;49.935
2021-11-14 15:45:00;5360;521;15.2;99.9;335;49.936
2021-11-14 15:50:00;5528;521;14.9;99.9;321;49.935
2021-11-14 15:55:00;5700;523;14.5;99.9;309;49.934
2021-11-14 16:00:00;5744;521;14.3;99.9;368;49.934
2021-11-14 16:05:00;5819;522;14.6;99.9;307;49.934
2021-11-14 16:10:00;5932;518;15;99.9;311;49.934
2021-11-14 16:15:00;5994;518;15.5;99.9;311;49.933
2021-11-14 16:20:00;6172;519;15.8;99.9;340;49.932
2021-11-14 16:25:00;6370;523;15.9;99.9;368;49.930
2021-11-14 16:30:00;6473;523;15.4;99.9;380;49.930
2021-11-14 16:35:00;6499;523;14.9;99.9;366;49.929
2021-11-14 16:40:00;6600;524;14.5;99.9;393;49.929
2021-11-14 16:45:00;6656;524;14.3;99.9;391;49.902
2021-11-14 16:50:00;6675;521;15.1;99.9;391;49.915
2021-11-14 16:55:00;6825;519;16.8;99.9;381;49.914
2021-11-14 17:00:00;7023;519;18;99.9;348;49.913
2021-11-14 17:05:00;7038;517;18.1;99.9;348;49.912
2021-11-14 17:10:00;7171;523;17.1;99.9;382;49.911
2021-11-14 17:15:00;7204;516;16.3;99.9;381;49.912
2021-11-14 17:20:00;7370;517;16.3;99.9;350;49.913
2021-11-14 17:25:00;7510;516;16.7;99.9;385;49.913
2021-11-14 17:30:00;7523;517;17.6;99.9;376;49.913
2021-11-14 17:35:00;7618;512;17.1;99.9;390;49.911
2021-11-14 17:40:00;7657;515;16.7;99.9;392;49.912
2021-11-14 17:45:00;7661;512;16.6;99.9;380;49.912
2021-11-14 17:50:00;7770;511;16.7;99.9;352;49.910
2021-11-14 17:55:00;7803;509;16.9;99.9;425;49.910
2021-11-14 18:00:00;7906;511;16.4;99.9;405;49.911
2021-11-14 18:05:00;7938;511;15.9;99.9;395;49.911
2021-11-14 18:10:00;7993;509;15.5;99.9;362;49.909
2021-11-14 18:15:00;8050;511;15.2;99.9;359;49.909
2021-11-14 18:20:00;8148;513;16;99.9;374;49.908
2021-11-14 18:25:00;8326;513;16.6;99.9;378;49.908
2021-11-14 18:30:00;8484;515;16;99.9;378;49.908
2021-11-14 18:35:00;8527;516;16.2;99.9;359;49.908
2021-11-14 18:40:00;8571;519;17.1;99.9;429;49.909
2021-11-14 18:45:00;8595;517;16.9;99.9;432;49.907
2021-11-14 18:50:00;8766;516;16.7;99.9;453;49.907
2021-11-14 18:55:00;8948;517;15.9;99.9;459;49.908
2021-11-14 19:00:00;9092;517;15.4;99.9;386;49.908
2021-11-14 19:05:00;9225;516;16.1;99.9;372;49.907
2021-11-14 19:10:00;9408;517;16.8;99.9;411;49.906
2021-11-14 19:15:00;9442;518;17.2;99.9;389;49.905
2021-11-14 19:20:00;9505;519;17.8;99.9;352;49.905
2021-11-14 19:25:00;9603;518;17.1;99.9;438;49.904
2021-11-14 19:30:00;9779;520;16.2;99.9;443;49.905
2021-11-14 19:35:00;9807;520;15.8;99.9;420;49.906
2021-11-14 19:40:00;9887;522;15.3;99.9;403;49.907
2021-11-14 19:45:00;9963;521;15.3;99.9;383;49.903
2021-11-14 19:50:00;9989;520;15.7;99.9;422;49.908
2021-11-14 19:55:00;10050;521;15.6;99.9;425;49.907
2021-11-14 20:00:00;10154;521;15.1;99.9;384;49.902
2021-11-14 20:05:00;10241;521;15.7;99.9;423;49.903
2021-11-14 20:10:00;10420;524;16.4;99.9;403;49.903
2021-11-14 20:15:00;10589;519;16.6;99.9;412;49.902
2021-11-14 20:20:00;10644;521;16.8;99.9;408;49.901
2021-11-14 20:25:00;10805;521;16.5;99.9;422;49.900
2021-11-14 20:30:00;10887;521;16.6;99.9;565;49.900
2021-11-14 20:35:00;11065;521;16.4;99.9;467;49.900
2021-11-14 20:40:00;11168;521;17.4;99.9;455;49.901
2021-11-14 20:45:00;11249;521;17.4;99.9;436;49.901
2021-11-14 20:50:00;11358;518;16.4;99.9;460;49.899
2021-11-14 20:55:00;11531;518;15.8;99.9;389;49.899
2021-11-14 21:00:00;11620;519;16;99.9;393;49.900
2021-11-14 21:05:00;11809;523;16.9;99.9;367;49.901
2021-11-14 21:10:00;11991;523;16.7;99.9;437;49.898
2021-11-14 21:15:00;12163;523;15.9;99.9;397;49.898
2021-11-14 21:20:00;12281;524;15.2;99.9;389;49.897
2021-11-14 21:25:00;12284;524;14.7;99.9;399;49.897
2021-11-14 21:30:00;12454;521;14.8;99.9;383;49.897
2021-11-14 21:35:00;12496;519;14.7;99.9;404;49.897
2021-11-14 21:40:00;12670;519;14.7;99.9;440;49.898
2021-11-14 21:45:00;12782;517;14.8;99.9;374;49.897
2021-11-14 21:50:00;12948;519;15;99.9;388;49.896
2021-11-14 21:55:00;13122;516;15.2;99.9;384;49.895
2021-11-14 22:00:00;13307;516;14.7;99.9;405;49.896
2021-11-14 22:05:00;13423;518;14.1;99.9;428;49.897
2021-11-14 22:10:00;13605;517;13.7;99.9;441;49.897
2021-11-14 22:15:00;13724;517;13.5;99.9;436;49.895
2021-11-14 22:20:00;13844;516;13.7;99.9;377;49.895
2021-11-14 22:25:00;13970;515;14.2;99.9;498;49.896
2021-11-14 22:30:00;14109;516;14.7;99.9;453;49.892
2021-11-14 22:35:00;14219;516;14;99.9;431;49.885
2021-11-14 22:40:00;14250;519;14.2;99.9;407;49.860
2021-11-14 22:45:00;14285;518;14.8;99.9;374;49.851
2021-11-14 22:50:00;14404;519;14.9;99.9;343;49.850
2021-11-14 22:55:00;14508;521;16.1;99.9;372;49.848
2021-11-14 23:00:00;14525;519;16.5;99.9;347;49.847
2021-11-14 23:05:00;14631;518;16.1;99.9;349;49.845
2021-11-14 23:10:00;14687;525;15.8;99.9;400;49.842
2021-11-14 23:15:00;15049;520;16;99.9;347;49.842
2021-11-14 23:20:00;15281;523;15.9;99.9;344;49.842
2021-11-14 23:25:00;15652;520;16.8;99.9;746;49.842
2021-11-14 23:30:00;15892;518;16.5;99.9;378;49.839
2021-11-14 23:35:00;16267;518;16.3;99.9;386;49.838
2021-11-14 23:40:00;16578;517;15.9;99.9;387;49.837
2021-11-14 23:45:00;16864;517;15.4;99.9;378;49.838
2021-11-14 23:50:00;16989;516;14.9;99.9;411;49.835
2021-11-14 23:55:00;17274;513;15;99.9;415;49.832
2021-11-15 0:00:00;17440;511;15.1;99.9;416;49.833
2021-11-15 0:05:00;17761;512;15.3;99.9;444;49.833
2021-11-15 0:10:00;18058;512;16;99.9;406;49.833
2021-11-15 0:15:00;18240;513;16.6;99.9;405;49.833
2021-11-15 0:20:00;18418;512;16.8;99.9;447;49.831
2021-11-15 0:25:00;18427;513;17.4;99.9;468;49.831
2021-11-15 0:30:00;18763;517;17;99.9;456;49.830
2021-11-15 0:35:00;19029;518;17.1;99.9;625;49.829
2021-11-15 0:40:00;19107;518;17.9;99.9;632;49.828
2021-11-15 0:45:00;19427;517;18.6;99.9;653;49.827
2021-11-15 0:50:00;19804;518;18.3;99.9;646;49.827
2021-11-15 0:55:00;20062;523;18.1;99.9;626;49.826
2021-11-15 1:00:00;20408;519;18.9;99.9;637;49.828
2021-11-15 1:05:00;20631;520;19.6;99.9;645;49.827
2021-11-15 1:10:00;20987;521;18.8;99.9;592;49.827
2021-11-15 1:15:00;21298;522;18;99.9;603;49.826
2021-11-15 1:20:00;21600;521;17.6;99.9;616;49.826
2021-11-15 1:25:00;21707;520;17.1;99.9;622;49.823
2021-11-15 1:30:00;21785;523;16.6;99.9;611;49.821
2021-11-15 1:35:00;22146;521;16.7;99.9;561;49.821
2021-11-15 1:40:00;22453;519;17.3;99.9;575;49.820
2021-11-15 1:45:00;22481;520;17.9;99.9;459;49.818
2021-11-15 1:50:00;22757;518;17.9;99.9;552;49.815
2021-11-15 1:55:00;22993;518;18.4;99.9;553;49.813
2021-11-15 2:00:00;23359;519;18.6;99.9;566;49.814
2021-11-15 2:05:00;23706;519;19.2;99.9;521;49.814
2021-11-15 2:10:00;24043;518;19.1;99.9;547;49.813
2021-11-15 2:15:00;24055;518;18.9;99.9;546;49.813
2021-11-15 2:20:00;24145;517;19.2;99.9;532;49.812
2021-11-15 2:25:00;24522;518;20.2;99.9;525;49.813
2021-11-15 2:30:00;24607;517;21.2;99.9;531;49.812
2021-11-15 2:35:00;24608;515;21.3;99.9;514;49.811
2021-11-15 2:40:00;24689;515;20.7;99.9;506;49.815
2021-11-15 2:45:00;24717;519;19.7;99.9;546;49.814
2021-11-15 2:50:00;24994;517;20.6;99.9;531;49.813
2021-11-15 2:55:00;25263;519;21.7;99.9;554;49.814
2021-11-15 3:00:00;25557;515;22.3;99.9;520;49.814
2021-11-15 3:05:00;25753;528;21.6;99.9;504;49.814
2021-11-15 3:10:00;25906;520;21.7;99.9;533;49.813
2021-11-15 3:15:00;26037;521;22;99.9;551;49.812
2021-11-15 3:20:00;26343;527;22.8;99.9;505;49.811
2021-11-15 3:25:00;26739;523;22.7;99.9;574;49.815
2021-11-15 3:30:00;27050;523;23.3;99.9;503;49.816
2021-11-15 3:35:00;27308;521;23.6;99.9;526;49.819
2021-11-15 3:40:00;27430;522;23.1;99.9;534;49.815
2021-11-15 3:45:00;27747;522;23.6;99.9;477;49.815
2021-11-15 3:50:00;27900;522;24.6;99.9;462;49.814
2021-11-15 3:55:00;28298;522;24.7;99.9;502;49.813
2021-11-15 4:00:00;28435;522;25.1;99.9;502;49.811
2021-11-15 4:05:00;28671;522;24.9;99.9;468;49.811
2021-11-15 4:10:00;28955;522;24.8;99.9;536;49.810
2021-11-15 4:15:00;29035;519;24.5;97.5;562;49.810
2021-11-15 4:20:00;29050;520;24.4;99.9;513;49.809
2021-11-15 4:25:00;29197;522;24;98.5;491;49.809
2021-11-15 4:30:00;29397;521;24.1;92.2;487;49.807
2021-11-15 4:35:00;29640;522;24.3;91;518;49.804
2021-11-15 4:40:00;29694;518;24.4;97.2;414;49.804
2021-11-15 4:45:00;30010;519;24.5;87;494;49.803
2021-11-15 4:50:00;30113;517;24.3;91.6;491;49.803
2021-11-15 4:55:00;30464;523;24.3;83.2;573;49.802
2021-11-15 5:00:00;30588;519;24.2;73;462;49.801
2021-11-15 5:05:00;30662;520;24.6;59;448;49.801
2021-11-15 5:10:00;30922;521;24.8;71.8;458;49.802
2021-11-15 5:15:00;31022;521;24.4;75.3;512;49.801
2021-11-15 5:20:00;31344;523;24.4;66.4;475;49.801
2021-11-15 5:25:00;31714;520;24.1;81.1;445;49.8
2021-11-15 5:30:00;32036;522;24.6;79;488;49.799
2021-11-15 5:35:00;32400;520;25.1;82.4;508;49.8
2021-11-15 5:40:00;32432;519;24.9;63.1;501;49.8
2021-11-15 5:45:00;32439;519;24.6;77.1;493;49.799
2021-11-15 5:50:00;32765;518;24.6;71.8;458;49.8
2021-11-15 5:55:00;32784;513;24.4;75.3;486;49.799
2021-11-15 6:00:00;32994;517;24.3;70.9;495;49.799
2021-11-15 6:05:00;33126;518;25.3;64.8;445;49.794
2021-11-15 6:10:00;33192;519;25.5;67.3;444;49.794
2021-11-15 6:15:00;33466;518;25.4;72.7;452;49.795
2021-11-15 6:20:00;33821;520;25.3;73.5;490;49.796
2021-11-15 6:25:00;34078;520;24.7;55.8;473;49.79
2021-11-15 6:30:00;34284;522;24.6;72.8;482;49.789
2021-11-15 6:35:00;34482;521;24.8;66.8;430;49.787
2021-11-15 6:40:00;34823;520;24.5;64.1;408;49.788
2021-11-15 6:45:00;35071;521;24.5;57.3;454;49.787
2021-11-15 6:50:00;35348;522;24.3;68.4;477;49.785
2021-11-15 6:55:00;35460;521;24.1;60.6;447;49.784
2021-11-15 7:00:00;35550;524;24;68.3;442;49.783
2021-11-15 7:05:00;35680;519;24;60;461;49.781
2021-11-15 7:10:00;35753;522;24;57;463;49.782
2021-11-15 7:15:00;36078;521;24.3;61.1;456;49.78
2021-11-15 7:20:00;36161;521;24.1;61.7;495;49.78
2021-11-15 7:25:00;36332;523;23.6;58.4;407;49.777
2021-11-15 7:30:00;36528;521;23.6;59.9;458;49.778
2021-11-15 7:35:00;36582;522;23.6;55.4;411;49.776
2021-11-15 7:40:00;36632;518;23.4;63.3;461;49.775
2021-11-15 7:45:00;36780;518;23.2;58.1;442;49.775
2021-11-15 7:50:00;36793;519;22.7;57.6;461;49.773
2021-11-15 7:55:00;37139;523;22.3;57.2;433;49.773
2021-11-15 8:00:00;37296;523;22.7;59.6;453;49.772
2021-11-15 8:05:00;37335;523;23.1;59.7;463;49.771
2021-11-15 8:10:00;37386;524;22.9;59.5;496;49.771
2021-11-15 8:15:00;37488;524;22.7;58.6;521;49.769
2021-11-15 8:20:00;37506;521;22.2;63.1;442;49.768
2021-11-15 8:25:00;37750;519;21.7;62.2;475;49.763
2021-11-15 8:30:00;37807;519;21.5;74.2;430;49.753
2021-11-15 8:35:00;38174;517;21.3;64.7;459;49.754
2021-11-15 8:40:00;38559;523;21.8;64.7;438;49.754
2021-11-15 8:45:00;38905;516;22.1;65.5;479;49.754
2021-11-15 8:50:00;39095;517;21.4;67.9;475;49.755
2021-11-15 8:55:00;39278;516;20.8;65.6;520;49.755
2021-11-15 9:00:00;39625;517;20.4;64.9;480;49.755
2021-11-15 9:05:00;39675;512;20.1;74.7;502;49.756
2021-11-15 9:10:00;39683;515;20.3;74.9;493;49.756
2021-11-15 9:15:00;39686;512;20.7;81.8;533;49.752
2021-11-15 9:20:00;39803;511;20.4;86.4;506;49.755
2021-11-15 9:25:00;39840;509;20;87.3;500;49.755
2021-11-15 9:30:00;39884;511;20.1;88.2;464;49.755
2021-11-15 9:35:00;40137;511;20;88;509;49.753
2021-11-15 9:40:00;40402;509;19.8;90.4;540;49.751
2021-11-15 9:45:00;40624;511;19.5;91.3;496;49.751
2021-11-15 9:50:00;40716;513;19.1;92.5;564;49.755
2021-11-15 9:55:00;40801;513;19.1;95.1;567;49.749
2021-11-15 10:00:00;40826;515;19.1;93.3;558;49.749
2021-11-15 10:05:00;40884;516;19;94.9;487;49.748
2021-11-15 10:10:00;41217;519;18.7;95.3;561;49.748
2021-11-15 10:15:00;41491;517;18.3;96.1;467;49.747
2021-11-15 10:20:00;41651;516;18.1;96.6;456;49.746
2021-11-15 10:25:00;41887;517;18;97.1;461;49.745
2021-11-15 10:30:00;42243;517;18.1;96.9;525;49.744
2021-11-15 10:35:00;42330;516;18.2;96.8;469;49.747
2021-11-15 10:40:00;42385;517;18.5;98.6;458;49.748
2021-11-15 10:45:00;42446;518;18.7;99.1;448;49.749
2021-11-15 10:50:00;42555;519;18.9;99.4;527;49.748
2021-11-15 10:55:00;42907;518;18.9;99.9;512;49.748
2021-11-15 11:00:00;43036;520;18.4;99.9;518;49.742
2021-11-15 11:05:00;43245;520;18;99.9;484;49.74
2021-11-15 11:10:00;43589;522;17.8;99.9;456;49.749
2021-11-15 11:15:00;43808;521;18.2;99.9;556;49.749
2021-11-15 11:20:00;44196;520;18.7;99.9;540;49.748
2021-11-15 11:25:00;44392;521;19.1;99.9;580;49.745
2021-11-15 11:30:00;44512;521;19.3;99.9;650;49.744
2021-11-15 11:35:00;44532;521;18.7;99.9;695;49.744
2021-11-15 11:40:00;44697;524;18.7;99.9;647;49.745
2021-11-15 11:45:00;44804;519;18.3;99.9;626;49.745
2021-11-15 11:50:00;44885;521;17.9;99.9;718;49.745
2021-11-15 11:55:00;44990;521;17.4;99.9;736;49.741
2021-11-15 12:00:00;45132;521;17.1;99.9;689;49.742
2021-11-15 12:05:00;45171;521;17.1;99.9;737;49.743
2021-11-15 12:10:00;45281;521;17.2;99.9;674;49.742
2021-11-15 12:15:00;45469;521;17.3;99.9;707;49.738
2021-11-15 12:20:00;45499;518;17.1;99.9;588;49.738
2021-11-15 12:25:00;45606;518;17;99.9;649;49.737
2021-11-15 12:30:00;45698;519;17;99.9;747;49.737
2021-11-15 12:35:00;45825;523;17;99.9;654;49.735
2021-11-15 12:40:00;45990;523;17.2;99.9;620;49.732
2021-11-15 12:45:00;46093;523;18;99.9;606;49.731
2021-11-15 12:50:00;46195;524;18.3;99.9;660;49.733
2021-11-15 12:55:00;46316;524;18.2;99.9;633;49.732
2021-11-15 13:00:00;46318;521;18.6;99.9;695;49.733
2021-11-15 13:05:00;46460;519;18.3;99.9;675;49.731
2021-11-15 13:10:00;46617;519;17.7;99.9;604;49.731
2021-11-15 13:15:00;46743;517;17.1;99.9;633;49.730
2021-11-15 13:20:00;46787;519;17.4;99.9;587;49.727
2021-11-15 13:25:00;46909;516;17.5;99.9;575;49.727
2021-11-15 13:30:00;47073;516;17;99.9;612;49.727
2021-11-15 13:35:00;47271;518;17.1;99.9;596;49.727
2021-11-15 13:40:00;47312;517;17.4;99.9;629;49.725
2021-11-15 13:45:00;47440;517;17.1;99.9;586;49.728
2021-11-15 13:50:00;47454;516;17.1;99.9;822;49.727
2021-11-15 13:55:00;47642;515;17.3;99.9;616;49.727
2021-11-15 14:00:00;47752;516;17.1;99.9;576;49.726
2021-11-15 14:05:00;47781;516;17;99.9;734;49.726
2021-11-15 14:10:00;47865;519;16.9;99.9;778;49.723
2021-11-15 14:15:00;47879;518;16.5;99.9;630;49.721
2021-11-15 14:20:00;48027;519;16.2;99.9;585;49.721
2021-11-15 14:25:00;48098;521;15.9;99.9;660;49.720
2021-11-15 14:30:00;48217;519;16;99.9;573;49.718
2021-11-15 14:35:00;48325;518;16.6;99.9;563;49.714
2021-11-15 14:40:00;48496;525;16.7;99.9;508;49.713
2021-11-15 14:45:00;48576;520;16.6;99.9;570;49.714
2021-11-15 14:50:00;48638;523;16.3;99.9;536;49.713
2021-11-15 14:55:00;48703;520;16;99.9;561;49.713
2021-11-15 15:00:00;48837;518;15.8;99.9;507;49.713
2021-11-15 15:05:00;48962;518;16.8;99.9;522;49.712
2021-11-15 15:10:00;49095;517;17;99.9;478;49.713
2021-11-15 15:15:00;49102;517;17.5;99.9;565;49.712
2021-11-15 15:20:00;49208;516;17.8;99.9;460;49.710
2021-11-15 15:25:00;49326;513;17;99.9;514;49.715
2021-11-15 15:30:00;49336;511;16.8;99.9;485;49.714
2021-11-15 15:35:00;49479;512;16.6;99.9;470;49.713
2021-11-15 15:40:00;49571;512;16.4;99.9;582;49.714
2021-11-15 15:45:00;49609;511;15.8;99.9;499;49.714
2021-11-15 15:50:00;49766;512;15.3;99.9;459;49.713
2021-11-15 15:55:00;49827;513;15.8;99.9;497;49.713
2021-11-15 16:00:00;49953;517;16;99.9;453;49.712
2021-11-15 16:05:00;50058;519;16.3;99.9;497;49.711
2021-11-15 16:10:00;50093;518;17.4;99.9;444;49.712
2021-11-15 16:15:00;50287;517;18.1;99.9;450;49.712
2021-11-15 16:20:00;50445;518;17.7;99.9;471;49.712
2021-11-15 16:25:00;50530;523;16.7;99.9;418;49.713
2021-11-15 16:30:00;50705;519;15.8;99.9;425;49.714
2021-11-15 16:35:00;50797;520;15.9;99.9;403;49.714
2021-11-15 16:40:00;50801;521;16.7;99.9;412;49.713
2021-11-15 16:45:00;50802;522;16.9;99.9;418;49.711
2021-11-15 16:50:00;50864;521;16.8;99.9;477;49.711
2021-11-15 16:55:00;50896;520;16.2;99.9;444;49.710
2021-11-15 17:00:00;50997;523;15.4;99.9;495;49.710
2021-11-15 17:05:00;51136;521;14.9;99.9;552;49.709
2021-11-15 17:10:00;51157;519;14.4;99.9;419;49.709
2021-11-15 17:15:00;51205;520;14.7;99.9;440;49.707
2021-11-15 17:20:00;51270;518;15.5;99.9;442;49.704
2021-11-15 17:25:00;51468;518;16.3;99.9;422;49.704
2021-11-15 17:30:00;51557;519;16;99.9;444;49.702
2021-11-15 17:35:00;51748;519;15.5;99.9;548;49.703
2021-11-15 17:40:00;51785;518;15.5;99.9;444;49.702
2021-11-15 17:45:00;51849;518;15.3;99.9;477;49.701
2021-11-15 17:50:00;51940;517;16.1;99.9;445;49.702
2021-11-15 17:55:00;52020;518;16.3;99.9;440;49.702
2021-11-15 18:00:00;52025;517;16;99.9;461;49.701
2021-11-15 18:05:00;52034;515;15.3;99.9;446;49.701
2021-11-15 18:10:00;52208;515;14.7;99.9;442;49.7
2021-11-15 18:15:00;52383;519;14.5;99.9;450;49.699
2021-11-15 18:20:00;52385;517;15.3;99.9;444;49.698
2021-11-15 18:25:00;52552;519;15.6;99.9;489;49.697
2021-11-15 18:30:00;52582;515;16.2;99.9;460;49.699
2021-11-15 18:35:00;52677;528;16.6;99.9;419;49.7
2021-11-15 18:40:00;52833;520;16.7;99.9;402;49.699
2021-11-15 18:45:00;52848;521;16.1;99.9;484;49.699
2021-11-15 18:50:00;52879;527;15.2;99.9;561;49.694
2021-11-15 18:55:00;53074;523;14.4;99.9;498;49.694
2021-11-15 19:00:00;53198;523;14.1;99.9;509;49.695
2021-11-15 19:05:00;53372;521;14.5;99.9;434;49.696
2021-11-15 19:10:00;53547;522;15.2;99.9;492;49.69
2021-11-15 19:15:00;53555;522;15.1;99.9;467;49.689
2021-11-15 19:20:00;53700;522;14.5;99.9;527;49.686
2021-11-15 19:25:00;53897;522;13.8;99.9;480;49.688
2021-11-15 19:30:00;54034;522;13.2;99.9;491;49.688
2021-11-15 19:35:00;54065;522;13.2;99.9;551;49.687
2021-11-15 19:40:00;54190;522;13.7;99.9;607;49.684
2021-11-15 19:45:00;54305;519;15.4;99.9;588;49.683
2021-11-15 19:50:00;54352;520;17.4;99.9;515;49.681
2021-11-15 19:55:00;54361;522;17.3;99.9;474;49.682
2021-11-15 20:00:00;54539;521;15.8;99.9;466;49.68
2021-11-15 20:05:00;54703;522;14.4;99.9;473;49.68
2021-11-15 20:10:00;54866;518;13.5;99.9;451;49.677
2021-11-15 20:15:00;55005;519;13.4;99.9;427;49.678
2021-11-15 20:20:00;55196;517;13.1;99.9;479;49.676
2021-11-15 20:25:00;55315;523;13.8;99.9;504;49.674
2021-11-15 20:30:00;55325;519;14;99.9;571;49.675
2021-11-15 20:35:00;55477;520;13.3;99.9;560;49.672
2021-11-15 20:40:00;55662;521;12.7;99.9;569;49.673
2021-11-15 20:45:00;55812;521;12.3;99.9;477;49.671
2021-11-15 20:50:00;55930;523;12.1;99.9;514;49.671
2021-11-15 20:55:00;55936;520;12.9;99.9;508;49.671
2021-11-15 21:00:00;55944;522;13.7;99.9;451;49.669
2021-11-15 21:05:00;56046;520;13.7;99.9;458;49.668
2021-11-15 21:10:00;56196;519;15.6;99.9;496;49.663
2021-11-15 21:15:00;56260;519;16.1;99.9;450;49.653
2021-11-15 21:20:00;56435;518;15.2;99.9;472;49.654
2021-11-15 21:25:00;56473;513;13.9;99.9;503;49.654
2021-11-15 21:30:00;56669;522;13.3;99.9;484;49.654
2021-11-15 21:35:00;56776;521;13.2;99.9;523;49.655
2021-11-15 21:40:00;56975;520;13.9;99.9;553;49.655
2021-11-15 21:45:00;57004;523;14.3;99.9;576;49.654
2021-11-15 21:50:00;57198;521;13.8;99.9;537;49.656
2021-11-15 21:55:00;57363;519;13.1;99.9;436;49.656
2021-11-15 22:00:00;57452;520;12.7;99.9;478;49.652
2021-11-15 22:05:00;57624;518;12.7;99.9;471;49.655
2021-11-15 22:10:00;57762;518;12.8;99.9;514;49.655
2021-11-15 22:15:00;57913;519;13.2;99.9;510;49.655
2021-11-15 22:20:00;58111;519;13.7;99.9;537;49.653
2021-11-15 22:25:00;58121;518;14.5;99.9;506;49.653
2021-11-15 22:30:00;58138;518;13.8;99.9;581;49.651
2021-11-15 22:35:00;58197;517;14.2;99.9;503;49.655
2021-11-15 22:40:00;58394;518;14.1;99.9;513;49.649
2021-11-15 22:45:00;58464;517;14;99.9;531;49.648
2021-11-15 22:50:00;58479;516;14.5;99.9;509;49.648
2021-11-15 22:55:00;58599;515;15.3;99.9;487;49.648
2021-11-15 23:00:00;58662;519;14.9;99.9;458;49.648
2021-11-15 23:05:00;58845;519;14.8;99.9;392;49.646
2021-11-15 23:10:00;59171;519;15.5;99.9;473;49.645
2021-11-15 23:15:00;59317;518;15.4;99.9;450;49.644
2021-11-15 23:20:00;59592;528;15.6;99.9;482;49.644
2021-11-15 23:25:00;59664;520;15.9;99.9;451;49.644
2021-11-15 23:30:00;59685;521;16.1;99.9;481;49.644
2021-11-15 23:35:00;59844;527;16.3;99.9;415;49.648
2021-11-15 23:40:00;59965;523;16.7;99.9;471;49.643
2021-11-15 23:45:00;60012;523;17.1;99.9;476;49.642
2021-11-15 23:50:00;60036;521;16.8;99.9;505;49.64
2021-11-15 23:55:00;60080;522;16.7;99.9;449;49.644
2021-11-16 0:00:00;60397;522;16.7;99.9;517;49.644
2021-11-16 0:05:00;60761;522;17.1;99.9;482;49.643
2021-11-16 0:10:00;61078;522;17.8;99.9;579;49.643
2021-11-16 0:15:00;61388;522;19.9;99.9;587;49.644
2021-11-16 0:20:00;61559;522;21.1;99.9;513;49.644
2021-11-16 0:25:00;61854;522;22.5;99.9;504;49.645
2021-11-16 0:30:00;61859;519;23.1;99.9;612;49.645
2021-11-16 0:35:00;61864;520;23.4;99.9;547;49.644
2021-11-16 0:40:00;62137;522;23.7;99.9;701;49.645
2021-11-16 0:45:00;62475;521;24.3;99.9;758;49.644
2021-11-16 0:50:00;62792;522;24.3;99.9;716;49.644
2021-11-16 0:55:00;62875;518;24.2;99.9;774;49.636
2021-11-16 1:00:00;62968;519;24.2;99.9;845;49.634
2021-11-16 1:05:00;63286;518;24.8;99.9;866;49.632
2021-11-16 1:10:00;63422;523;24.7;99.9;808;49.631
2021-11-16 1:15:00;63720;519;24.2;99.9;745;49.630
2021-11-16 1:20:00;63883;520;24.4;99.9;713;49.629
2021-11-16 1:25:00;63940;521;24.4;99.9;736;49.627
2021-11-16 1:30:00;64223;521;24.9;99.9;785;49.626
2021-11-16 1:35:00;64522;522;25.1;99.9;753;49.626
2021-11-16 1:40:00;64725;520;24.8;99.9;740;49.627
2021-11-16 1:45:00;64905;522;25.4;99.9;672;49.628
2021-11-16 1:50:00;65101;520;26;99.9;653;49.628
2021-11-16 1:55:00;65175;519;26.4;99.9;704;49.625
2021-11-16 2:00:00;65517;519;26.9;99.9;683;49.625
2021-11-16 2:05:00;65888;518;26.9;99.9;650;49.625
2021-11-16 2:10:00;66184;513;27.5;99.9;673;49.624
2021-11-16 2:15:00;66527;519;27.4;99.9;677;49.623
2021-11-16 2:20:00;66554;519;27.2;99.9;699;49.623
2021-11-16 2:25:00;66840;518;26.9;99.9;659;49.623
2021-11-16 2:30:00;66848;517;26.4;99.9;660;49.624
2021-11-16 2:35:00;66968;517;26.5;99.9;645;49.622
2021-11-16 2:40:00;67226;518;27.2;99.9;621;49.622
2021-11-16 2:45:00;67375;517;27.2;99.9;682;49.620
2021-11-16 2:50:00;67678;516;26.7;99.9;683;49.621
2021-11-16 2:55:00;67951;514;26.2;99.9;656;49.622
2021-11-16 3:00:00;68090;519;26.8;99.9;667;49.621
2021-11-16 3:05:00;68474;518;27.7;99.9;707;49.620
2021-11-16 3:10:00;68756;519;27.5;99.9;670;49.620
2021-11-16 3:15:00;68826;518;27;99.9;680;49.619
2021-11-16 3:20:00;69030;520;27;99.9;641;49.619
2021-11-16 3:25:00;69114;520;26;99.9;570;49.618
2021-11-16 3:30:00;69199;521;25.6;99.9;684;49.618
2021-11-16 3:35:00;69526;527;25.4;99.9;681;49.617
2021-11-16 3:40:00;69596;524;25.6;99.9;610;49.617
2021-11-16 3:45:00;69933;523;26.1;99.9;634;49.618
2021-11-16 3:50:00;70043;520;26.2;99.9;672;49.619
2021-11-16 3:55:00;70277;522;26.1;99.9;662;49.617
2021-11-16 4:00:00;70536;521;26.1;99.9;581;49.615
2021-11-16 4:05:00;70864;523;26.6;99.9;626;49.615
2021-11-16 4:10:00;71224;522;27;99.9;605;49.615
2021-11-16 4:15:00;71279;522;27.3;99.9;566;49.614
2021-11-16 4:20:00;71661;522;27.1;99;553;49.613
2021-11-16 4:25:00;71751;521;27;99.9;523;49.610
2021-11-16 4:30:00;72006;521;26.9;92.3;504;49.610
2021-11-16 4:35:00;72354;521;26.7;99.9;539;49.611
2021-11-16 4:40:00;72432;522;27.1;92.3;539;49.609
2021-11-16 4:45:00;72748;522;27.5;90.8;481;49.607
2021-11-16 4:50:00;72830;522;27.8;93.7;527;49.606
2021-11-16 4:55:00;73007;512;27.3;98.4;490;49.607
2021-11-16 5:00:00;73007;552;27.1;86.1;554;49.608
2021-11-16 5:05:00;73254;538;26.9;87.9;478;49.608
2021-11-16 5:10:00;73448;538;27.4;90.1;509;49.606
2021-11-16 5:15:00;73726;517;27.8;83.3;565;49.608
2021-11-16 5:20:00;74014;515;27.7;81.3;633;49.607
2021-11-16 5:25:00;74217;507;27.5;86.1;516;49.607
2021-11-16 5:30:00;74574;511;27.1;84.7;525;49.606
2021-11-16 5:35:00;74726;508;27;78.6;560;49.606
2021-11-16 5:40:00;74747;512;27.1;72.4;494;49.606
2021-11-16 5:45:00;75087;508;26.8;81.3;489;49.605
2021-11-16 5:50:00;75398;511;26.9;83;716;49.605
2021-11-16 5:55:00;75624;517;26.5;77;474;49.606
2021-11-16 6:00:00;75710;512;26.4;70.8;513;49.605
2021-11-16 6:05:00;75826;514;27;78.7;855;49.605
2021-11-16 6:10:00;76161;512;27;74.6;455;49.602
2021-11-16 6:15:00;76225;512;26.7;81;536;49.600
2021-11-16 6:20:00;76574;515;26.4;70.4;479;49.601
2021-11-16 6:25:00;76606;516;26.1;85.2;521;49.602
2021-11-16 6:30:00;76951;513;26.4;72.1;586;49.601
2021-11-16 6:35:00;76966;511;26.4;61.1;475;49.601
2021-11-16 6:40:00;77292;512;26.4;60.1;486;49.602
2021-11-16 6:45:00;77683;511;26.2;64.7;523;49.603
2021-11-16 6:50:00;77752;509;25.9;68.4;593;49.602
2021-11-16 6:55:00;78009;509;25.6;59.7;537;49.600
2021-11-16 7:00:00;78348;510;25.5;70;495;49.600
2021-11-16 7:05:00;78537;512;25.8;66.9;506;49.600
2021-11-16 7:10:00;78660;512;25.7;59.8;505;49.601
2021-11-16 7:15:00;78928;515;25.8;66.7;497;49.600
2021-11-16 7:20:00;79024;512;25.5;63.6;513;49.601
2021-11-16 7:25:00;79158;511;25.2;60.6;519;49.600
2021-11-16 7:30:00;79342;509;25.3;58;472;49.598
2021-11-16 7:35:00;79712;512;25.1;57.7;499;49.598
2021-11-16 7:40:00;79854;513;24.6;66.8;512;49.597
2021-11-16 7:45:00;80251;509;24.4;60.7;475;49.596
2021-11-16 7:50:00;80357;513;24.6;60;498;49.597
2021-11-16 7:55:00;80576;513;24.6;64.8;526;49.598
2021-11-16 8:00:00;80670;513;24.7;67;459;49.597
2021-11-16 8:05:00;81026;515;24.7;61.8;525;49.596
2021-11-16 8:10:00;81111;515;24.4;63.1;514;49.596
2021-11-16 8:15:00;81477;519;24.6;69.1;530;49.596
2021-11-16 8:20:00;81568;517;24.8;66.6;575;49.595
2021-11-16 8:25:00;81782;515;24.6;67.1;517;49.594
2021-11-16 8:30:00;82037;517;24.7;65.4;492;49.594
2021-11-16 8:35:00;82292;517;25.1;63.1;473;49.595
2021-11-16 8:40:00;82440;516;25.6;70.1;489;49.595
2021-11-16 8:45:00;82800;517;25.3;66.7;521;49.595
2021-11-16 8:50:00;83198;518;24.3;68.6;532;49.594
2021-11-16 8:55:00;83216;519;23.7;70.2;542;49.594
2021-11-16 9:00:00;83589;518;24.3;76.2;587;49.595
2021-11-16 9:05:00;83764;520;24.2;76.5;575;49.591
2021-11-16 9:10:00;83888;520;23.4;78.9;467;49.590
2021-11-16 9:15:00;84061;522;23.2;80.3;577;49.591
2021-11-16 9:20:00;84063;521;22.8;80.8;567;49.592
2021-11-16 9:25:00;84234;520;22.3;86.2;542;49.593
2021-11-16 9:30:00;84382;521;22.2;90.5;519;49.593
2021-11-16 9:35:00;84586;522;22.4;87.7;510;49.592
2021-11-16 9:40:00;84745;521;22.5;90.1;523;49.593
2021-11-16 9:45:00;84889;524;22.3;89.7;578;49.592
2021-11-16 9:50:00;85237;519;22;90.8;579;49.592
2021-11-16 9:55:00;85251;522;21.5;91.8;631;49.591
2021-11-16 10:00:00;85522;521;21.2;91.9;544;49.591
2021-11-16 10:05:00;85831;521;21;93.3;543;49.586
2021-11-16 10:10:00;86069;521;20.6;93.9;506;49.587
2021-11-16 10:15:00;86242;521;20.2;93.6;549;49.587
2021-11-16 10:20:00;86313;521;20;94.7;504;49.587
2021-11-16 10:25:00;86414;518;20.4;96.9;533;49.587
2021-11-16 10:30:00;86547;518;20.9;96.9;569;49.587
2021-11-16 10:35:00;86942;519;21;98.1;477;49.586
2021-11-16 10:40:00;87179;523;20.6;97.9;508;49.585
2021-11-16 10:45:00;87326;523;20;99.2;485;49.583
2021-11-16 10:50:00;87710;523;19.6;99.1;630;49.582
2021-11-16 10:55:00;87749;524;19.2;99.9;539;49.581
2021-11-16 11:00:00;88039;524;18.9;99.9;523;49.581
2021-11-16 11:05:00;88434;521;19.2;99.9;600;49.578
2021-11-16 11:10:00;88600;519;20.1;99.9;530;49.575
2021-11-16 11:15:00;88871;519;20.6;99.9;469;49.573
2021-11-16 11:20:00;88929;517;20.2;99.9;522;49.573
2021-11-16 11:25:00;89141;523;19.6;99.9;524;49.574
2021-11-16 11:30:00;89404;516;19;99.9;614;49.573
2021-11-16 11:35:00;89452;516;18.6;99.9;517;49.572
2021-11-16 11:40:00;89552;516;18.8;99.9;719;49.572
2021-11-16 11:45:00;89625;517;18.8;99.9;669;49.573
2021-11-16 11:50:00;89692;517;18.9;99.9;724;49.572
2021-11-16 11:55:00;89805;517;19.3;99.9;789;49.571
2021-11-16 12:00:00;89887;515;19.7;99.9;637;49.572
2021-11-16 12:05:00;90022;516;19;99.9;640;49.572
2021-11-16 12:10:00;90087;516;18.4;99.9;676;49.573
2021-11-16 12:15:00;90260;519;17.8;99.9;684;49.574
2021-11-16 12:20:00;90395;518;17.5;99.9;624;49.574
2021-11-16 12:25:00;90547;519;17.5;99.9;652;49.574
2021-11-16 12:30:00;90633;521;17.8;99.9;715;49.573
2021-11-16 12:35:00;90655;519;18;99.9;685;49.572
2021-11-16 12:40:00;90702;518;17.8;99.9;713;49.571
2021-11-16 12:45:00;90875;525;17.8;99.9;661;49.575
2021-11-16 12:50:00;90931;519;17.9;99.9;655;49.576
2021-11-16 12:55:00;90986;524;18.2;99.9;628;49.579
2021-11-16 13:00:00;91098;520;18.2;99.9;655;49.575
2021-11-16 13:05:00;91229;518;18.5;99.9;668;49.575
2021-11-16 13:10:00;91298;518;18.4;99.9;675;49.574
2021-11-16 13:15:00;91356;517;17.8;99.9;630;49.573
2021-11-16 13:20:00;91375;519;17.3;99.9;666;49.571
2021-11-16 13:25:00;91532;516;17;99.9;634;49.571
2021-11-16 13:30:00;91721;513;17;99.9;650;49.570
2021-11-16 13:35:00;91842;512;17.6;99.9;641;49.570
2021-11-16 13:40:00;91961;512;17.5;99.9;611;49.569
2021-11-16 13:45:00;92112;512;17;99.9;688;49.569
2021-11-16 13:50:00;92217;511;16.7;99.9;705;49.567
2021-11-16 13:55:00;92241;515;16.7;99.9;667;49.564
2021-11-16 14:00:00;92315;513;16.6;99.9;623;49.564
2021-11-16 14:05:00;92477;517;16.3;99.9;669;49.563
2021-11-16 14:10:00;92539;519;16.4;99.9;639;49.563
2021-11-16 14:15:00;92705;519;17.6;99.9;647;49.562
2021-11-16 14:20:00;92726;517;18.2;99.9;703;49.561
2021-11-16 14:25:00;92777;518;17.6;99.9;640;49.561
2021-11-16 14:30:00;92971;520;16.9;99.9;702;49.560
2021-11-16 14:35:00;93040;520;16.3;99.9;620;49.563
2021-11-16 14:40:00;93235;521;15.9;99.9;614;49.563
2021-11-16 14:45:00;93258;527;16.7;99.9;553;49.562
2021-11-16 14:50:00;93276;524;17.1;99.9;623;49.559
2021-11-16 14:55:00;93291;523;17.4;99.9;638;49.560
2021-11-16 15:00:00;93360;521;17.6;99.9;637;49.560
2021-11-16 15:05:00;93377;522;16.8;99.9;601;49.559
2021-11-16 15:10:00;93502;522;16.1;99.9;566;49.560
2021-11-16 15:15:00;93638;522;15.9;99.9;507;49.559
2021-11-16 15:20:00;93731;522;16.3;99.9;529;49.559
2021-11-16 15:25:00;93926;522;16.3;99.9;537;49.554
2021-11-16 15:30:00;94023;522;16.5;99.9;536;49.554
2021-11-16 15:35:00;94058;521;15.9;99.9;473;49.554
2021-11-16 15:40:00;94135;521;15.3;99.9;549;49.556
2021-11-16 15:45:00;94250;521;15.1;99.9;571;49.550
2021-11-16 15:50:00;94442;522;15.3;99.9;541;49.549
2021-11-16 15:55:00;94631;522;15.4;99.9;522;49.547
2021-11-16 16:00:00;94659;522;15.1;99.9;521;49.548
2021-11-16 16:05:00;94751;512;14.7;99.9;481;49.547
2021-11-16 16:10:00;94877;552;14.4;99.9;539;49.545
2021-11-16 16:15:00;94914;538;14;99.9;563;49.544
2021-11-16 16:20:00;95054;538;13.8;99.9;494;49.543
2021-11-16 16:25:00;95068;517;14;99.9;517;49.541
2021-11-16 16:30:00;95238;516;14.6;99.9;473;49.542
2021-11-16 16:35:00;95355;506;14.9;99.9;513;49.540
2021-11-16 16:40:00;95454;511;15.4;99.9;493;49.540
2021-11-16 16:45:00;95574;508;15.9;99.9;486;49.537
2021-11-16 16:50:00;95661;503;15.5;99.9;504;49.538
2021-11-16 16:55:00;95799;509;15.2;99.9;550;49.536
2021-11-16 17:00:00;95914;511;15.6;99.9;478;49.535
2021-11-16 17:05:00;96068;517;15.4;99.9;469;49.534
2021-11-16 17:10:00;96153;512;14.9;99.9;498;49.533
2021-11-16 17:15:00;96279;514;14.4;99.9;502;49.533
2021-11-16 17:20:00;96303;512;14;99.9;514;49.532
2021-11-16 17:25:00;96366;512;13.7;99.9;477;49.531
2021-11-16 17:30:00;96399;514;13.9;99.9;510;49.531
2021-11-16 17:35:00;96502;514;14.5;99.9;473;49.529
2021-11-16 17:40:00;96620;513;15.6;99.9;478;49.528
2021-11-16 17:45:00;96643;511;15.1;99.9;471;49.523
2021-11-16 17:50:00;96649;512;14.5;99.9;532;49.512
2021-11-16 17:55:00;96730;511;13.9;99.9;467;49.514
2021-11-16 18:00:00;96783;509;13.5;99.9;480;49.513
2021-11-16 18:05:00;96945;509;13.5;99.9;464;49.514
2021-11-16 18:10:00;97071;512;13.9;99.9;595;49.515
2021-11-16 18:15:00;97165;511;14.5;99.9;461;49.515
2021-11-16 18:20:00;97295;512;15.3;99.9;518;49.515
2021-11-16 18:25:00;97383;515;15.5;99.9;518;49.516
2021-11-16 18:30:00;97424;512;14.8;99.9;531;49.516
2021-11-16 18:35:00;97566;511;14;99.9;545;49.512
2021-11-16 18:40:00;97681;509;13.5;99.9;539;49.515
2021-11-16 18:45:00;97815;511;14.4;99.9;503;49.515
2021-11-16 18:50:00;97839;511;15.2;99.9;532;49.515
2021-11-16 18:55:00;98024;509;14.6;99.9;549;49.513
2021-11-16 19:00:00;98110;511;14.2;99.9;563;49.511
2021-11-16 19:05:00;98298;513;14.8;99.9;581;49.511
2021-11-16 19:10:00;98305;513;14.9;99.9;504;49.515
2021-11-16 19:15:00;98370;515;14.4;99.9;502;49.509
2021-11-16 19:20:00;98384;515;13.8;99.9;515;49.509
2021-11-16 19:25:00;98385;519;13.5;99.9;517;49.508
2021-11-16 19:30:00;98534;517;13.6;99.9;522;49.508
2021-11-16 19:35:00;98595;516;13.8;99.9;580;49.507
2021-11-16 19:40:00;98695;517;13.9;99.9;523;49.506
2021-11-16 19:45:00;98734;517;13.7;99.9;589;49.505
2021-11-16 19:50:00;98855;516;13.4;99.9;538;49.505
2021-11-16 19:55:00;99031;517;13.1;99.9;584;49.506
2021-11-16 20:00:00;99141;518;12.8;99.9;676;49.508
2021-11-16 20:05:00;99329;519;13.2;99.9;683;49.509
2021-11-16 20:10:00;99459;518;14;99.9;649;49.508
2021-11-16 20:15:00;99492;520;14.7;99.9;629;49.508
2021-11-16 20:20:00;99522;520;14.4;99.9;689;49.502
2021-11-16 20:25:00;99631;522;13.7;99.9;543;49.500
2021-11-16 20:30:00;99738;521;13.1;99.9;515;49.509
2021-11-16 20:35:00;99773;520;12.9;99.9;550;49.509
2021-11-16 20:40:00;99839;521;14.1;99.9;599;49.508
2021-11-16 20:45:00;100006;521;15.4;99.9;615;49.505
2021-11-16 20:50:00;100064;521;16.3;99.9;596;49.504
2021-11-16 20:55:00;100204;524;17;99.9;528;49.504
2021-11-16 21:00:00;100327;519;16.1;99.9;616;49.505
2021-11-16 21:05:00;100439;521;15.8;99.9;563;49.505
2021-11-16 21:10:00;100619;521;15.8;99.9;471;49.505
2021-11-16 21:15:00;100677;521;15.6;99.9;504;49.501
2021-11-16 21:20:00;100849;521;15.1;99.9;565;49.502
2021-11-16 21:25:00;100976;521;15.1;99.9;493;49.503
2021-11-16 21:30:00;101031;521;14.8;99.9;475;49.502
2021-11-16 21:35:00;101088;518;14.3;99.9;528;49.498
2021-11-16 21:40:00;101241;518;13.8;99.9;566;49.498
2021-11-16 21:45:00;101437;519;13.6;99.9;569;49.497
2021-11-16 21:50:00;101583;525;13.9;99.9;572;49.497
2021-11-16 21:55:00;101705;523;14.3;99.9;485;49.495
2021-11-16 22:00:00;101866;523;15;99.9;497;49.492
2021-11-16 22:05:00;101988;524;14.9;99.9;524;49.491
2021-11-16 22:10:00;102073;524;15.6;99.9;531;49.493
2021-11-16 22:15:00;102103;521;15.7;99.9;530;49.492
2021-11-16 22:20:00;102233;519;15.9;99.9;553;49.493
2021-11-16 22:25:00;102394;519;16.3;99.9;583;49.491
2021-11-16 22:30:00;102451;517;16.3;99.9;493;49.491
2021-11-16 22:35:00;102563;519;15.5;99.9;582;49.490
2021-11-16 22:40:00;102747;516;15.6;99.9;571;49.487
2021-11-16 22:45:00;102867;516;15.8;99.9;508;49.487
2021-11-16 22:50:00;103022;516;16.5;99.9;520;49.487
2021-11-16 22:55:00;103214;517;17.7;99.9;477;49.487
2021-11-16 23:00:00;103367;517;16.7;99.9;508;49.485
2021-11-16 23:05:00;103399;517;16.2;99.9;524;49.488
2021-11-16 23:10:00;103457;515;17.6;99.9;478;49.487
2021-11-16 23:15:00;103636;516;18.2;99.9;526;49.487
2021-11-16 23:20:00;103772;516;18.8;99.9;533;49.486
2021-11-16 23:25:00;104056;519;18.8;99.9;517;49.486
2021-11-16 23:30:00;104170;518;18.9;99.9;492;49.483
2021-11-16 23:35:00;104522;519;18.8;99.9;907;49.481
2021-11-16 23:40:00;104861;521;19.5;99.9;501;49.481
2021-11-16 23:45:00;104978;519;19.8;99.9;463;49.480
2021-11-16 23:50:00;105367;518;19.9;99.9;518;49.478
2021-11-16 23:55:00;105668;525;20.3;99.9;556;49.474
2021-11-17 0:00:00;106000;519;20.5;99.9;550;49.473
2021-11-17 0:05:00;106329;524;19.6;99.9;534;49.474
2021-11-17 0:10:00;106703;521;20.1;99.9;496;49.473
2021-11-17 0:15:00;106919;518;21.5;99.9;524;49.473
2021-11-17 0:20:00;107080;518;21.8;99.9;552;49.473
2021-11-17 0:25:00;107187;517;21.6;99.9;577;49.472
2021-11-17 0:30:00;107516;517;21.3;99.9;586;49.472
2021-11-17 0:35:00;107639;516;20.9;99.9;567;49.472
2021-11-17 0:40:00;108007;513;20.8;99.9;587;49.470
2021-11-17 0:45:00;108013;511;21.1;99.9;730;49.475
2021-11-17 0:50:00;108079;512;21.6;99.9;775;49.474
2021-11-17 0:55:00;108141;512;23.1;99.9;750;49.477
2021-11-17 1:00:00;108463;511;23.6;99.9;774;49.474
2021-11-17 1:05:00;108561;512;23.9;99.9;766;49.474
2021-11-17 1:10:00;108889;513;23.9;99.9;749;49.477
2021-11-17 1:15:00;109145;517;24.1;99.9;726;49.473
2021-11-17 1:20:00;109507;519;24.2;99.9;754;49.472
2021-11-17 1:25:00;109789;518;23.9;99.9;704;49.471
2021-11-17 1:30:00;109939;517;23.9;99.9;793;49.472
2021-11-17 1:35:00;110131;518;24.4;99.9;697;49.472
2021-11-17 1:40:00;110430;523;24.9;99.9;735;49.472
2021-11-17 1:45:00;110594;519;25.2;99.9;654;49.473
2021-11-17 1:50:00;110848;520;26;99.9;704;49.474
2021-11-17 1:55:00;110949;521;25.4;99.9;649;49.474
2021-11-17 2:00:00;111144;522;25.4;99.9;688;49.473
2021-11-17 2:05:00;111287;521;25.6;99.9;649;49.471
2021-11-17 2:10:00;111617;520;25.5;99.9;692;49.471
2021-11-17 2:15:00;111807;523;26.1;99.9;674;49.470
2021-11-17 2:20:00;112183;521;25.9;99.9;753;49.475
2021-11-17 2:25:00;112546;519;26.4;99.9;669;49.469
2021-11-17 2:30:00;112851;520;26.4;99.9;664;49.469
2021-11-17 2:35:00;113223;518;26.5;99.9;665;49.467
2021-11-17 2:40:00;113525;518;26.1;99.9;647;49.463
2021-11-17 2:45:00;113639;519;26;99.9;624;49.464
2021-11-17 2:50:00;113753;519;26.5;99.9;615;49.462
2021-11-17 2:55:00;114068;518;26.3;99.9;668;49.463
2021-11-17 3:00:00;114278;518;26.6;99.9;705;49.462
2021-11-17 3:05:00;114315;517;26.7;99.9;672;49.461
2021-11-17 3:10:00;114346;518;27;99.9;728;49.461
2021-11-17 3:15:00;114481;517;26.9;99.9;750;49.462
2021-11-17 3:20:00;114742;516;26.9;99.9;755;49.462
2021-11-17 3:25:00;115047;515;27.4;99.9;651;49.461
2021-11-17 3:30:00;115168;519;27.4;99.9;666;49.460
2021-11-17 3:35:00;115452;519;27.5;99.9;681;49.459
2021-11-17 3:40:00;115668;519;27.5;99.9;568;49.458
2021-11-17 3:45:00;115780;518;27.4;99.9;634;49.457
2021-11-17 3:50:00;115880;528;27.4;99.9;655;49.459
2021-11-17 3:55:00;116085;520;27.8;99.9;626;49.460
2021-11-17 4:00:00;116102;521;28.2;99.9;593;49.459
2021-11-17 4:05:00;116353;527;28.3;99.9;592;49.459
2021-11-17 4:10:00;116392;523;28.3;99.9;660;49.454
2021-11-17 4:15:00;116542;523;28.3;99.9;576;49.454
2021-11-17 4:20:00;116630;521;28.2;99.9;590;49.455
2021-11-17 4:25:00;116931;522;28.2;99.9;574;49.456
2021-11-17 4:30:00;116982;522;28.4;99.9;568;49.450
2021-11-17 4:35:00;117003;522;28.5;99.9;512;49.449
2021-11-17 4:40:00;117387;522;28.5;99.9;567;49.446
2021-11-17 4:45:00;117598;522;28.4;99.9;480;49.449
2021-11-17 4:50:00;117723;522;28.5;99.9;539;49.448
2021-11-17 4:55:00;117838;522;28.4;99.9;512;49.447
2021-11-17 5:00:00;118211;519;28.6;99.9;580;49.444
2021-11-17 5:05:00;118563;520;29.3;99.9;483;49.443
2021-11-17 5:10:00;118813;522;29;99.9;489;49.440
2021-11-17 5:15:00;119134;521;28.8;99.9;533;49.442
2021-11-17 5:20:00;119276;522;28.7;99.9;494;49.440
2021-11-17 5:25:00;119497;518;28.9;99.9;490;49.442
2021-11-17 5:30:00;119711;519;29;99.9;518;49.437
2021-11-17 5:35:00;119852;518;28.9;99.9;544;49.438
2021-11-17 5:40:00;120235;523;28.7;99.9;461;49.436
2021-11-17 5:45:00;120376;519;28.5;99.9;499;49.434
2021-11-17 5:50:00;120537;520;28.2;99.9;462;49.435
2021-11-17 5:55:00;120637;521;28.2;99.9;467;49.432
2021-11-17 6:00:00;120956;521;28.2;99.9;474;49.433
2021-11-17 6:05:00;120971;522;28.2;99.9;505;49.431
2021-11-17 6:10:00;121313;522;28.2;99.9;513;49.431
2021-11-17 6:15:00;121682;522;28.4;99.9;489;49.431
2021-11-17 6:20:00;121698;520;28.2;99.9;457;49.429
2021-11-17 6:25:00;122031;519;28;99.9;465;49.428
2021-11-17 6:30:00;122119;520;27.9;99.9;518;49.423
2021-11-17 6:35:00;122507;518;28;99.9;475;49.423
2021-11-17 6:40:00;122683;513;27.9;99.9;499;49.424
2021-11-17 6:45:00;122844;519;28;99.9;465;49.417
2021-11-17 6:50:00;123032;519;28;99.9;459;49.419
2021-11-17 6:55:00;123286;518;28.2;99.9;495;49.421
2021-11-17 7:00:00;123473;517;28;99.9;521;49.420
2021-11-17 7:05:00;123480;517;28;99.9;532;49.421
2021-11-17 7:10:00;123734;518;28;99.9;537;49.422
2021-11-17 7:15:00;123918;517;28;99.9;527;49.423
2021-11-17 7:20:00;124057;516;28.1;99.9;453;49.419
2021-11-17 7:25:00;124310;516;28.1;99.9;519;49.418
2021-11-17 7:30:00;124487;519;27.8;99.9;493;49.415
2021-11-17 7:35:00;124618;518;28;99.9;537;49.415
2021-11-17 7:40:00;124903;519;28;99.9;530;49.413
2021-11-17 7:45:00;124973;518;28;99.9;475;49.413
2021-11-17 7:50:00;125011;520;27.7;99.9;520;49.411
2021-11-17 7:55:00;125373;520;28.1;99.9;503;49.415
2021-11-17 8:00:00;125406;521;27.9;99.9;472;49.409
2021-11-17 8:05:00;125581;527;27.6;99.9;504;49.409
2021-11-17 8:10:00;125972;524;27.4;99.9;575;49.408
2021-11-17 8:15:00;126231;523;27.3;99.9;574;49.408
2021-11-17 8:20:00;126437;520;27.4;99.9;606;49.408
2021-11-17 8:25:00;126622;522;27.8;99.9;501;49.407
2021-11-17 8:30:00;126655;521;27.6;99.9;515;49.405
2021-11-17 8:35:00;126980;523;27.3;99.9;530;49.404
2021-11-17 8:40:00;127299;522;27.3;99.9;471;49.404
2021-11-17 8:45:00;127368;522;27.2;99.9;485;49.404
2021-11-17 8:50:00;127508;522;27.2;99.9;581;49.404
2021-11-17 8:55:00;127576;521;27.1;99.9;520;49.408
2021-11-17 9:00:00;127638;521;26.7;99.9;594;49.402
2021-11-17 9:05:00;127891;521;26.5;99.9;513;49.402
2021-11-17 9:10:00;128156;525;26.3;99.9;517;49.401
2021-11-17 9:15:00;128227;522;25.9;99.9;563;49.404
2021-11-17 9:20:00;128367;522;25.7;99.9;542;49.404
2021-11-17 9:25:00;128606;512;26.2;99.9;562;49.403
2021-11-17 9:30:00;128901;514;26.3;99.9;554;49.403
2021-11-17 9:35:00;129008;515;26.4;99.9;495;49.404
2021-11-17 9:40:00;129034;512;26;99.9;521;49.404
2021-11-17 9:45:00;129327;515;25.7;99.9;506;49.405
2021-11-17 9:50:00;129616;516;25.9;99.9;542;49.405
2021-11-17 9:55:00;129712;513;25.9;99.9;664;49.404
2021-11-17 10:00:00;129766;511;26.1;99.9;550;49.405
2021-11-17 10:05:00;130117;512;26.1;99.9;594;49.404
2021-11-17 10:10:00;130508;511;26.2;99.9;533;49.404
2021-11-17 10:15:00;130861;509;26;99.9;550;49.396
2021-11-17 10:20:00;130963;509;26;99.9;494;49.394
2021-11-17 10:25:00;131318;510;25.9;99.9;481;49.392
2021-11-17 10:30:00;131390;512;26.1;99.9;521;49.391
2021-11-17 10:35:00;131615;512;25.9;99.9;547;49.390
2021-11-17 10:40:00;131817;515;25.6;99.9;478;49.389
2021-11-17 10:45:00;132195;512;25.2;99.9;491;49.387
2021-11-17 10:50:00;132268;511;24.5;99.9;484;49.386
2021-11-17 10:55:00;132573;509;24.1;99.9;550;49.386
2021-11-17 11:00:00;132574;512;23.7;99.9;542;49.387
2021-11-17 11:05:00;132761;513;23.4;99.9;585;49.388
2021-11-17 11:10:00;132973;509;23.9;99.9;468;49.388
2021-11-17 11:15:00;133067;513;24.2;99.9;498;49.388
2021-11-17 11:20:00;133350;513;23.9;99.9;572;49.388
2021-11-17 11:25:00;133419;515;23.7;99.9;554;49.383
2021-11-17 11:30:00;133659;515;23.2;99.9;540;49.383
2021-11-17 11:35:00;133730;515;22.6;99.9;547;49.382
2021-11-17 11:40:00;134024;519;23;99.9;568;49.381
2021-11-17 11:45:00;134078;517;22.7;99.9;523;49.379
2021-11-17 11:50:00;134087;515;22.9;99.9;474;49.378
2021-11-17 11:55:00;134371;517;22.6;99.9;493;49.378
2021-11-17 12:00:00;134539;517;22.3;99.9;537;49.377
2021-11-17 12:05:00;134716;516;22.4;99.9;492;49.375
2021-11-17 12:10:00;134912;517;23.5;99.9;480;49.375
2021-11-17 12:15:00;135033;518;24.4;99.9;567;49.373
2021-11-17 12:20:00;135152;519;24.1;99.9;521;49.365
2021-11-17 12:25:00;135316;518;23.6;99.9;485;49.364
2021-11-17 12:30:00;135454;520;22.7;99.9;500;49.364
2021-11-17 12:35:00;135608;520;21.9;99.9;511;49.363
2021-11-17 12:40:00;135704;522;21.8;99.9;472;49.363
2021-11-17 12:45:00;135783;521;21.7;99.9;493;49.363
2021-11-17 12:50:00;135981;520;21.5;99.9;528;49.363
2021-11-17 12:55:00;136151;521;21.1;99.9;496;49.363
2021-11-17 13:00:00;136161;522;20.8;99.9;506;49.363
2021-11-17 13:05:00;136209;521;20.4;99.9;497;49.362
2021-11-17 13:10:00;136309;525;20.2;99.9;453;49.362
2021-11-17 13:15:00;136473;519;21;99.9;470;49.362
2021-11-17 13:20:00;136543;522;20.6;99.9;491;49.362
2021-11-17 13:25:00;136739;521;20.1;99.9;530;49.362
2021-11-17 13:30:00;136802;521;19.8;99.9;511;49.361
2021-11-17 13:35:00;136844;521;19.8;99.9;490;49.361
2021-11-17 13:40:00;136994;521;20;99.9;495;49.361
2021-11-17 13:45:00;137058;521;20.4;99.9;531;49.361
2021-11-17 13:50:00;137065;518;20.7;99.9;483;49.361
2021-11-17 13:55:00;137172;518;20.1;99.9;494;49.361
2021-11-17 14:00:00;137275;519;19.6;99.9;504;49.360
2021-11-17 14:05:00;137337;523;19.5;99.9;461;49.360
2021-11-17 14:10:00;137367;523;20;99.9;522;49.359
2021-11-17 14:15:00;137461;523;21.2;99.9;540;49.359
2021-11-17 14:20:00;137537;524;20.9;99.9;540;49.359
2021-11-17 14:25:00;137539;524;20;99.9;496;49.359
2021-11-17 14:30:00;137721;521;19.4;99.9;507;49.358
2021-11-17 14:35:00;137758;519;18.9;99.9;525;49.358
2021-11-17 14:40:00;137902;521;19.1;99.9;565;49.358
2021-11-17 14:45:00;137970;520;18.8;99.9;540;49.357
2021-11-17 14:50:00;138083;521;18.2;99.9;533;49.356
2021-11-17 14:55:00;138161;521;18.4;99.9;547;49.356
2021-11-17 15:00:00;138264;521;19.3;99.9;536;49.356
2021-11-17 15:05:00;138352;524;20.2;99.9;468;49.356
2021-11-17 15:10:00;138379;519;20.7;99.9;473;49.356
2021-11-17 15:15:00;138550;521;20.6;99.9;560;49.355
2021-11-17 15:20:00;138624;523;19.7;99.9;509;49.355
2021-11-17 15:25:00;138625;521;18.8;99.9;556;49.355
2021-11-17 15:30:00;138705;521;18.5;99.9;574;49.355
2021-11-17 15:35:00;138858;521;19.2;99.9;502;49.355
2021-11-17 15:40:00;138904;521;19.3;99.9;569;49.355
2021-11-17 15:45:00;138908;518;19;99.9;518;49.355
2021-11-17 15:50:00;138922;518;19.7;99.9;525;49.354
2021-11-17 15:55:00;139063;519;19.5;99.9;527;49.354
2021-11-17 16:00:00;139223;523;19.4;99.9;523;49.354
2021-11-17 16:05:00;139383;523;19.9;99.9;578;49.354
2021-11-17 16:10:00;139477;523;19.1;99.9;533;49.353
2021-11-17 16:15:00;139519;524;18.8;99.9;530;49.353
2021-11-17 16:20:00;139622;524;19.9;99.9;604;49.353
2021-11-17 16:25:00;139802;521;20;99.9;614;49.352
2021-11-17 16:30:00;139959;519;19.4;99.9;559;49.351
2021-11-17 16:35:00;140151;519;18.5;99.9;580;49.349
2021-11-17 16:40:00;140308;517;17.9;99.9;544;49.349
2021-11-17 16:45:00;140333;519;18.6;99.9;521;49.348
2021-11-17 16:50:00;140406;516;18.1;99.9;491;49.347
2021-11-17 16:55:00;140556;516;18;99.9;502;49.345
2021-11-17 17:00:00;140735;518;17.9;99.9;561;49.340
2021-11-17 17:05:00;140845;517;17.7;99.9;502;49.339
2021-11-17 17:10:00;140928;517;18.3;99.9;471;49.339
2021-11-17 17:15:00;141048;516;18.9;99.9;474;49.338
2021-11-17 17:20:00;141065;515;19;99.9;554;49.337
2021-11-17 17:25:00;141204;516;18.9;99.9;506;49.336
2021-11-17 17:30:00;141396;516;18.8;99.9;565;49.336
2021-11-17 17:35:00;141447;519;18.9;99.9;554;49.334
2021-11-17 17:40:00;141534;518;18.9;99.9;472;49.333
2021-11-17 17:45:00;141595;519;18.8;99.9;577;49.331
2021-11-17 17:50:00;141733;521;18.5;99.9;557;49.331
2021-11-17 17:55:00;141802;520;17.7;99.9;630;49.331
2021-11-17 18:00:00;141900;518;17;99.9;678;49.331
2021-11-17 18:05:00;141987;525;16.5;99.9;727;49.329
2021-11-17 18:10:00;142004;520;16.5;99.9;666;49.329
2021-11-17 18:15:00;142158;523;16.4;99.9;634;49.326
2021-11-17 18:20:00;142164;520;16;99.9;762;49.326
2021-11-17 18:25:00;142262;518;15.6;99.9;714;49.326
2021-11-17 18:30:00;142304;518;15.5;99.9;703;49.326
2021-11-17 18:35:00;142434;517;15.5;99.9;745;49.325
2021-11-17 18:40:00;142583;517;15.7;99.9;727;49.325
2021-11-17 18:45:00;142778;516;15.6;99.9;690;49.324
2021-11-17 18:50:00;142836;513;15.3;99.9;603;49.324
2021-11-17 18:55:00;142922;511;15.9;99.9;683;49.322
2021-11-17 19:00:00;143115;512;17;99.9;752;49.321
2021-11-17 19:05:00;143270;512;17.8;99.9;717;49.320
2021-11-17 19:10:00;143360;513;18.6;99.9;663;49.318
2021-11-17 19:15:00;143457;512;19.3;99.9;663;49.317
2021-11-17 19:20:00;143645;513;20.1;99.9;683;49.315
2021-11-17 19:25:00;143705;517;20.2;99.9;683;49.314
2021-11-17 19:30:00;143711;518;19.5;99.9;680;49.314
2021-11-17 19:35:00;143906;518;17.9;99.9;644;49.309
2021-11-17 19:40:00;143939;517;16.8;99.9;641;49.309
2021-11-17 19:45:00;144049;518;16;99.9;687;49.309
2021-11-17 19:50:00;144100;525;15.5;99.9;660;49.308
2021-11-17 19:55:00;144227;519;15.8;99.9;655;49.306
2021-11-17 20:00:00;144281;520;15.8;99.9;641;49.305
2021-11-17 20:05:00;144363;521;16.9;99.9;669;49.304
2021-11-17 20:10:00;144376;522;18;99.9;691;49.302
2021-11-17 20:15:00;144463;521;19.1;99.9;675;49.300
2021-11-17 20:20:00;144536;520;18.7;99.9;850;49.300
2021-11-17 20:25:00;144662;523;18.1;99.9;650;49.297
2021-11-17 20:30:00;144856;521;18;99.9;638;49.296
2021-11-17 20:35:00;144894;519;16.9;99.9;741;49.292
2021-11-17 20:40:00;145018;520;16.8;99.9;759;49.292
2021-11-17 20:45:00;145185;518;16.8;99.9;714;49.291
2021-11-17 20:50:00;145384;518;16.6;99.9;626;49.290
2021-11-17 20:55:00;145483;519;16.1;99.9;661;49.288
2021-11-17 21:00:00;145625;519;15.5;99.9;639;49.287
2021-11-17 21:05:00;145798;518;15.3;99.9;608;49.287
2021-11-17 21:10:00;145883;518;15.4;99.9;599;49.286
2021-11-17 21:15:00;146032;517;15.1;99.9;637;49.284
2021-11-17 21:20:00;146183;518;14.7;99.9;652;49.284
2021-11-17 21:25:00;146327;517;14.9;99.9;580;49.282
2021-11-17 21:30:00;146366;515;15.2;99.9;578;49.274
2021-11-17 21:35:00;146560;515;15.9;99.9;564;49.273
2021-11-17 21:40:00;146648;519;25.5;99.9;574;49.273
2021-11-17 21:45:00;146680;517;25.5;99.9;690;49.272
2021-11-17 21:50:00;146786;519;25.7;99.9;497;49.272
2021-11-17 21:55:00;146852;515;25.9;99.9;539;49.272
2021-11-17 22:00:00;146945;525;26;99.9;495;49.272
2021-11-17 22:05:00;146963;520;25.8;99.9;509;49.272
2021-11-17 22:10:00;147004;521;25.4;99.9;571;49.272
2021-11-17 22:15:00;147060;521;25.3;99.9;536;49.271
2021-11-17 22:20:00;147108;520;25.4;99.9;512;49.271
2021-11-17 22:25:00;147146;523;25.6;99.9;552;49.271
2021-11-17 22:30:00;147238;521;25.8;99.9;508;49.271
2021-11-17 22:35:00;147318;519;25.5;99.9;488;49.271
2021-11-17 22:40:00;147346;520;25.3;99.9;550;49.270
2021-11-17 22:45:00;147471;518;24.9;99.9;548;49.270
2021-11-17 22:50:00;147548;518;24.7;99.9;461;49.270
2021-11-17 22:55:00;147639;519;24.7;99.9;464;49.270
2021-11-17 23:00:00;147713;519;24.7;99.9;490;49.270
2021-11-17 23:05:00;147753;518;24.4;99.9;474;49.270
2021-11-17 23:10:00;147937;518;24.3;99.9;466;49.269
2021-11-17 23:15:00;148097;517;24.4;99.9;462;49.269
2021-11-17 23:20:00;148108;518;24.5;99.9;535;49.268
2021-11-17 23:25:00;148296;517;24.4;99.9;493;49.268
2021-11-17 23:30:00;148364;516;24.1;99.9;523;49.268
2021-11-17 23:35:00;148538;515;23.8;99.9;574;49.268
2021-11-17 23:40:00;148884;519;23.9;99.9;521;49.267
2021-11-17 23:45:00;148950;519;24.3;99.9;507;49.267
2021-11-17 23:50:00;149151;519;24.4;99.9;519;49.267
2021-11-17 23:55:00;149299;518;24.4;99.9;518;49.266
2021-11-18 0:00:00;149400;528;24.5;99.9;522;49.265
2021-11-18 0:05:00;149491;520;24;99.9;563;49.265
2021-11-18 0:10:00;149755;523;23.5;99.9;495;49.265
2021-11-18 0:15:00;149884;527;23.4;99.9;521;49.265
2021-11-18 0:20:00;150052;523;23.5;99.9;503;49.265
2021-11-18 0:25:00;150348;523;23.6;99.9;467;49.264
2021-11-18 0:30:00;150493;521;23.2;99.9;532;49.264
2021-11-18 0:35:00;150716;522;22.9;99.9;525;49.264
2021-11-18 0:40:00;151098;522;22.6;99.9;523;49.264
2021-11-18 0:45:00;151289;522;22.4;99.9;495;49.264
2021-11-18 0:50:00;151431;522;23.1;99.9;515;49.264
2021-11-18 0:55:00;151520;522;23.4;99.9;529;49.264
2021-11-18 1:00:00;151774;522;23.2;99.9;494;49.263
2021-11-18 1:05:00;151855;522;22.7;99.9;476;49.263
2021-11-18 1:10:00;151993;519;22.3;99.9;491;49.263
2021-11-18 1:15:00;152311;520;22;99.9;465;49.263
2021-11-18 1:20:00;152477;522;22.8;99.9;528;49.262
2021-11-18 1:25:00;152606;521;23.2;99.9;601;49.262
2021-11-18 1:30:00;152610;522;22.5;99.9;604;49.262
2021-11-18 1:35:00;152912;518;22.1;99.9;519;49.261
2021-11-18 1:40:00;153030;519;22.2;99.9;530;49.260
2021-11-18 1:45:00;153237;518;22.2;99.9;551;49.258
2021-11-18 1:50:00;153323;523;21.8;99.9;553;49.258
2021-11-18 1:55:00;153468;519;21.9;99.9;521;49.257
2021-11-18 2:00:00;153543;520;21.7;99.9;563;49.256
2021-11-18 2:05:00;153546;521;21.3;99.9;496;49.254
2021-11-18 2:10:00;153735;521;21;99.9;659;49.249
2021-11-18 2:15:00;153822;522;20.9;99.9;654;49.248
2021-11-18 2:20:00;154164;520;20.9;99.9;599;49.248
2021-11-18 2:25:00;154457;522;21.8;99.9;572;49.247
2021-11-18 2:30:00;154461;520;22.5;99.9;564;49.246
2021-11-18 2:35:00;154743;519;22.1;99.9;516;49.245
2021-11-18 2:40:00;155135;519;21.8;99.9;542;49.245
2021-11-18 2:45:00;155335;518;21.2;99.9;490;49.245
2021-11-18 2:50:00;155352;513;20.7;99.9;552;49.244
2021-11-18 2:55:00;155719;519;20.2;99.9;511;49.244
2021-11-18 3:00:00;155844;519;19.9;99.9;575;49.244
2021-11-18 3:05:00;156091;518;20.1;99.9;626;49.244
2021-11-18 3:10:00;156471;517;19.8;99.9;565;49.243
2021-11-18 3:15:00;156723;517;19.9;99.9;600;49.243
2021-11-18 3:20:00;156934;518;19.9;99.9;564;49.243
2021-11-18 3:25:00;157245;517;20.1;99.9;622;49.243
2021-11-18 3:30:00;157509;516;20.1;99.9;491;49.243
2021-11-18 3:35:00;157880;514;19.7;99.9;489;49.242
2021-11-18 3:40:00;158205;519;19.5;99.9;586;49.242
2021-11-18 3:45:00;158250;518;19.2;99.9;498;49.242
2021-11-18 3:50:00;158441;519;19;98;474;49.242
2021-11-18 3:55:00;158661;518;18.7;99.9;483;49.242
2021-11-18 4:00:00;158845;520;18.5;99.9;519;49.242
2021-11-18 4:05:00;158886;520;18.5;99.9;532;49.242
2021-11-18 4:10:00;159268;521;18.7;99.9;583;49.242
2021-11-18 4:15:00;159493;526;19.2;99.9;592;49.242
2021-11-18 4:20:00;159830;524;19.2;99.9;563;49.241
2021-11-18 4:25:00;160021;523;19.6;99.9;514;49.241
2021-11-18 4:30:00;160095;520;19.9;78;558;49.241
2021-11-18 4:35:00;160322;522;19.5;96.1;550;49.241
2021-11-18 4:40:00;160530;521;19.4;92.4;564;49.241
2021-11-18 4:45:00;160760;523;19.9;65.2;576;49.240
2021-11-18 4:50:00;161125;522;20.4;89.7;537;49.239
2021-11-18 4:55:00;161440;522;20.1;88;481;49.239
2021-11-18 5:00:00;161806;522;19.5;87.9;636;49.239
2021-11-18 5:05:00;162136;521;19;84.5;583;49.238
2021-11-18 5:10:00;162153;521;18.8;91.8;506;49.238
2021-11-18 5:15:00;162435;521;18.7;72;553;49.236
2021-11-18 5:20:00;162722;522;19;97.7;487;49.223
2021-11-18 5:25:00;163118;522;19;87.2;486;49.214
2021-11-18 5:30:00;163382;522;19.1;73;469;49.213
2021-11-18 5:35:00;163735;512;18.9;67.2;445;49.212
2021-11-18 5:40:00;164122;552;19.1;92.7;510;49.210
2021-11-18 5:45:00;164163;538;19;79.5;543;49.209
2021-11-18 5:50:00;164440;538;18.7;55.4;459;49.206
2021-11-18 5:55:00;164533;517;18.6;71.6;453;49.204
2021-11-18 6:00:00;164644;515;18.2;59.5;486;49.203
2021-11-18 6:05:00;164715;507;18;60.4;502;49.203
2021-11-18 6:10:00;164886;511;17.7;62.7;495;49.202
2021-11-18 6:15:00;165104;508;18;71;490;49.202
2021-11-18 6:20:00;165186;513;18.4;52.9;487;49.202
2021-11-18 6:25:00;165454;508;18.6;65.2;536;49.202
2021-11-18 6:30:00;165519;511;19.4;80.7;495;49.201
2021-11-18 6:35:00;165607;517;19.2;67.5;501;49.200
2021-11-18 6:40:00;165790;512;19.2;51.2;683;49.200
2021-11-18 6:45:00;166023;514;19.5;71.2;625;49.198
2021-11-18 6:50:00;166277;512;19.2;60.4;602;49.197
2021-11-18 6:55:00;166320;512;18.9;65.5;602;49.188
2021-11-18 7:00:00;166423;515;20.4;59.8;644;49.183
2021-11-18 7:05:00;166667;516;19.7;69.2;592;49.185
2021-11-18 7:10:00;166881;513;19.3;49.1;767;49.186
2021-11-18 7:15:00;166973;511;20.1;55.5;715;49.186
2021-11-18 7:20:00;167013;512;20.1;56.4;769;49.185
2021-11-18 7:25:00;167352;511;20.4;60.6;854;49.183
2021-11-18 7:30:00;167561;509;20.1;63.2;812;49.183
2021-11-18 7:35:00;167942;509;20.4;59.7;784;49.183
2021-11-18 7:40:00;168235;510;20.6;79.5;720;49.182
2021-11-18 7:45:00;168335;512;20.5;59;734;49.181
2021-11-18 7:50:00;168451;512;20.8;58;717;49.183
2021-11-18 7:55:00;168493;515;21.1;69.1;769;49.182
2021-11-18 8:00:00;168824;512;20.6;60.5;699;49.182
2021-11-18 8:05:00;169074;511;19.9;62.5;737;49.183
2021-11-18 8:10:00;169297;509;20;71;703;49.181
2021-11-18 8:15:00;169516;509;20.3;69.8;703;49.181
2021-11-18 8:20:00;169850;515;20;72.1;670;49.181
2021-11-18 8:25:00;170123;513;19.6;64.6;698;49.181
2021-11-18 8:30:00;170477;513;19.2;77.1;690;49.181
2021-11-18 8:35:00;170499;515;19.3;71.2;673;49.180
2021-11-18 8:40:00;170761;515;19.6;64.1;684;49.180
2021-11-18 8:45:00;170843;519;20.1;70.2;665;49.179
2021-11-18 8:50:00;170904;517;19.8;68;692;49.179
2021-11-18 8:55:00;171177;515;19.4;70;645;49.178
2021-11-18 9:00:00;171474;517;19.3;87.4;633;49.178
2021-11-18 9:05:00;171733;517;20;83.3;654;49.179
2021-11-18 9:10:00;172119;516;20.5;93;684;49.179
2021-11-18 9:15:00;172140;517;21.3;90.7;613;49.179
2021-11-18 9:20:00;172514;518;21.7;93.1;634;49.176
2021-11-18 9:25:00;172856;519;21.9;93.2;697;49.175
2021-11-18 9:30:00;172977;518;22;94.7;676;49.175
2021-11-18 9:35:00;173151;520;22.4;94.9;682;49.174
2021-11-18 9:40:00;173450;520;21.9;96.8;707;49.174
2021-11-18 9:45:00;173499;522;21.7;98.8;634;49.173
2021-11-18 9:50:00;173659;521;21.5;99.5;568;49.175
2021-11-18 9:55:00;173754;522;21.6;99.9;624;49.172
2021-11-18 10:00:00;174062;521;21.8;99.9;673;49.171
2021-11-18 10:05:00;174363;522;21.9;99.9;613;49.171
2021-11-18 10:10:00;174488;521;22.4;99.9;665;49.171
2021-11-18 10:15:00;174874;524;22.7;99.9;618;49.171
2021-11-18 10:20:00;175083;519;23;99.9;589;49.171
2021-11-18 10:25:00;175331;522;22.9;99.9;612;49.172
2021-11-18 10:30:00;175428;521;22.7;99.9;580;49.171
2021-11-18 10:35:00;175489;521;22.6;99.9;644;49.170
2021-11-18 10:40:00;175619;521;22.5;99.9;585;49.170
2021-11-18 10:45:00;175993;521;23.8;99.9;602;49.171
2021-11-18 10:50:00;176324;521;23.9;99.9;587;49.171
2021-11-18 10:55:00;176548;518;23.6;99.9;515;49.170
2021-11-18 11:00:00;176805;518;23.9;99.9;530;49.169
2021-11-18 11:05:00;177033;519;23;99.9;547;49.169
2021-11-18 11:10:00;177327;523;23.3;99.9;511;49.169
2021-11-18 11:15:00;177370;523;24.5;99.9;542;49.168
2021-11-18 11:20:00;177479;523;25.1;99.9;511;49.169
2021-11-18 11:25:00;177796;524;24.5;99.9;551;49.167
2021-11-18 11:30:00;177956;525;24.5;99.9;519;49.169
2021-11-18 11:35:00;178305;521;24.9;99.9;511;49.168
2021-11-18 11:40:00;178591;519;25.4;99.9;572;49.169
2021-11-18 11:45:00;178644;519;25.6;99.9;621;49.169
2021-11-18 11:50:00;178940;517;25.4;99.9;542;49.169
2021-11-18 11:55:00;179250;523;25;99.9;486;49.168
2021-11-18 12:00:00;179276;516;24.9;99.9;579;49.168
2021-11-18 12:05:00;179599;516;25.1;99.9;525;49.167
2021-11-18 12:10:00;179873;516;25.5;99.9;536;49.168
2021-11-18 12:15:00;180063;517;25;99.9;726;49.168
2021-11-18 12:20:00;180082;517;24.9;99.9;474;49.168
2021-11-18 12:25:00;180277;517;25;99.9;511;49.166
2021-11-18 12:30:00;180448;515;25.4;99.9;883;49.165
2021-11-18 12:35:00;180455;516;25.1;99.9;475;49.165
2021-11-18 12:40:00;180641;516;25.1;99.9;474;49.165
2021-11-18 12:45:00;180650;519;25.5;99.9;465;49.165
2021-11-18 12:50:00;180790;518;25.1;99.9;521;49.165
2021-11-18 12:55:00;180979;519;25;99.9;635;49.165
2021-11-18 13:00:00;181047;521;24.9;99.9;485;49.165
2021-11-18 13:05:00;181081;519;25;99.9;444;49.164
2021-11-18 13:10:00;181270;518;24.9;99.9;458;49.164
2021-11-18 13:15:00;181293;525;24.9;99.9;587;49.165
2021-11-18 13:20:00;181324;519;24.8;99.9;473;49.164
2021-11-18 13:25:00;181384;524;25.2;99.9;582;49.165
2021-11-18 13:30:00;181471;520;25.5;99.9;477;49.163
2021-11-18 13:35:00;181612;518;25.1;99.9;462;49.163
2021-11-18 13:40:00;181646;518;25;99.9;504;49.160
2021-11-18 13:45:00;181828;517;24.8;99.9;454;49.162
2021-11-18 13:50:00;181937;519;25.1;99.9;545;49.161
2021-11-18 13:55:00;182113;516;25.4;99.9;460;49.160
2021-11-18 14:00:00;182224;513;25.8;99.9;459;49.160
2021-11-18 14:05:00;182410;512;25.9;99.9;531;49.160
2021-11-18 14:10:00;182602;512;26.5;99.9;536;49.159
2021-11-18 14:15:00;182675;512;26.8;99.9;495;49.159
2021-11-18 14:20:00;182720;511;26.6;99.9;473;49.158
2021-11-18 14:25:00;182887;515;27.3;99.9;508;49.159
2021-11-18 14:30:00;182973;513;27.1;99.9;498;49.158
2021-11-18 14:35:00;183158;517;27;99.9;519;49.159
2021-11-18 14:40:00;183292;519;27.2;99.9;601;49.159
2021-11-18 14:45:00;183464;519;27.6;99.9;560;49.157
2021-11-18 14:50:00;183615;517;27.2;99.9;539;49.159
2021-11-18 14:55:00;183783;518;26.9;99.9;509;49.157
2021-11-18 15:00:00;183904;520;27;99.9;546;49.156
2021-11-18 15:05:00;183998;520;27.5;99.9;462;49.156
2021-11-18 15:10:00;184089;521;28;99.9;498;49.156
2021-11-18 15:15:00;184171;527;27.5;99.9;562;49.156
2021-11-18 15:20:00;184328;524;27.6;99.9;518;49.155
2021-11-18 15:25:00;184466;523;27.6;99.9;535;49.156
2021-11-18 15:30:00;184613;521;27.4;99.9;454;49.156
2021-11-18 15:35:00;184664;521;27.8;99.9;570;49.156
2021-11-18 15:40:00;184828;522;27.7;99.9;555;49.156
2021-11-18 15:45:00;184986;522;27.5;99.9;509;49.155
2021-11-18 15:50:00;185108;522;27.2;99.9;555;49.154
2021-11-18 15:55:00;185199;522;27;99.9;534;49.157
2021-11-18 16:00:00;185222;522;27.1;99.9;562;49.156
2021-11-18 16:05:00;185415;521;27.3;99.9;538;49.160
2021-11-18 16:10:00;185447;521;27.4;99.9;546;49.160
